U_SHE	j_OER	U_SHE	j_kolbe
0.588855377	0.91020396	1.17791979	0.329680174
0.706647356	0.893481052	1.363021471	0.30340132
0.84126676	0.874369158	1.548123152	0.277122465
0.992504554	1.846686774	1.699256428	1.74634933
1.109773942	4.314510108	1.850076149	4.706303939
1.243766238	7.276853704	2.017409741	9.154597306
1.326962702	11.73709201	2.08377878	13.61722459
1.443604981	17.18637083	2.217562039	17.57338669
1.543419835	22.63803864	2.350718189	24.51100427
1.609579837	28.09448443	2.433705617	29.96506107
1.726117598	34.0406725	2.56727984	34.91504166
1.808791471	40.98545704	2.616821453	39.38005793
1.87516051	45.44808433	2.733672769	43.83551826
1.95804342	51.39905038	2.833487622	49.28718607
2.007375997	56.85788515	2.899752143	54.24672261
2.073640517	61.81742169	2.982948607	58.70696091
2.156418909	68.26529698	3.082867979	63.66171947
2.205646967	74.221041	3.13251411	67.6298265
2.238152119	79.68226476		
2.287484696	85.14109953		
