Pt_1M_U_SHE	Pt_1M_log(i)	Pt_0.5M_U_SHE	Pt_0.5M_log(i)	Pt_0.1M_U_SHE	Pt_0.1M_log(i)	Ir_1M_U	Ir_1M_log(i)	Au_1M_U	Au_1M_log(i)
1.901488031	-1.994536715	1.879092642	-2.012918277	1.86565437	-1.603591007	1.592950598	-1.84170668	1.780690277	-1.826753891
1.933411716	-1.74436054	1.924833654	-1.602085172	1.909380679	-1.201715019	1.660066546	-1.664657923	1.792070832	-1.466340112
1.96931288	-1.458459747	1.964660371	-1.262649378	1.973202086	-0.692457477	1.701691857	-1.498050337	1.819524024	-0.842705681
2.005240006	-1.181464146	2.004461126	-0.914308392	2.017058208	-0.335107448	1.796621926	-1.320228159	1.842290774	-0.131610325
2.0452225	-0.895459502	2.040154589	-0.557166065	2.070832066	0.120459317	1.991241823	-1.178563372	1.874351455	0.540814025
2.087297584	-0.627213317	2.090184632	-0.217470644	2.116676928	0.495671654	2.032771261	-0.84650833	1.913365667	1.21343173
2.105196241	-0.466452537	2.134560007	-0.038224451	2.140593729	0.692208977	2.074300699	-0.514453289		
2.21911	-0.338872034	2.262784384	0.080814337	2.164640343	0.844220341	2.113506655	-0.172730495		
2.250903871	-0.0441699	2.28714255	0.1259634	2.174584041	0.933531886	2.136504624	0.139344526		
2.280631115	0.259385501	2.308914835	0.358069565	2.380353686	1.054543836	2.164115723	0.490477265		
2.308421545	0.527268209	2.334716525	0.608089964	2.400448783	1.161925391	2.191738101	0.822145596		
2.367876032	1.13437901	2.364469731	0.902740173	2.434075618	1.527920985	2.226314009	1.154007283		
2.403517569	1.509331721	2.425938921	1.518808091			2.25625423	1.485740066		
2.441225734	1.875431166	2.461710272	1.849234843			2.288501015	1.837001708		
									
									
									
									
									
									
									
									
									
									
									
									
									
									
