Cu_U0.5_her_exp	Cu_j0.5_her_exp	Cu_U0.5_fur_exp	Cu_j0.5_fur_exp
-0.122474266	-0.374462166	-0.576224789	-46.5505959
-0.14096397	-0.491718829	-0.574479696	-45.11370055
-0.160874144	-0.609058009	-0.572909112	-43.83991225
-0.18220479	-0.726479707	-0.570684118	-42.63796871
-0.204950012	-0.814937935	-0.568982652	-41.46126792
-0.231956649	-0.903643715	-0.567150305	-40.06161888
-0.260377863	-0.963386026	-0.564358156	-38.54670047
-0.287378606	-1.023045821	-0.562486147	-37.04096124
-0.318634868	-1.05390718	-0.56013503	-35.74203609
-0.352737967	-1.113979559	-0.557552292	-34.36805346
-0.379726922	-1.115547382	-0.555318573	-33.09504185
-0.422358743	-1.205160849	-0.553348204	-31.95710546
-0.456461842	-1.265233228	-0.55039741	-30.74863058
-0.489185728	-1.528544989	-0.548493672	-29.61853181
-0.510587103	-1.994518513	-0.545947423	-28.52338454
-0.530568006	-2.46040952	-0.544638603	-27.45619849
-0.540593822	-2.867630937	-0.541123487	-26.25357071
-0.553513627	-3.536431257	-0.53783274	-24.89738959
-0.56359249	-4.205066544	-0.534369401	-23.60328758
-0.573694929	-4.989885773	-0.53128864	-22.42240457
-0.582335638	-5.571300586	-0.528147473	-21.34279131
-0.581068412	-6.326413693	-0.524669751	-20.23155525
-0.589785745	-7.285426318	-0.521563102	-19.14383358
-0.601326337	-8.157466021	-0.51741515	-18.10200977
-0.605752785	-8.971001167	-0.513110587	-16.92811374
-0.608782338	-9.900637739	-0.508814334	-15.74222817
-0.614635151	-10.74330139	-0.505024988	-14.83637383
-0.61912054	-11.84729639	-0.500138728	-13.56413893
-0.624967459	-12.66091405	-0.494903448	-12.45967126
		-0.489668169	-11.44374741
		-0.483385833	-10.43015367
		-0.476879129	-9.399916349
		-0.468727051	-8.368014671
		-0.460165829	-7.293427117
		-0.451893614	-6.292432784
		-0.442027126	-5.077912675
		-0.431033039	-4.220435668
		-0.419515424	-3.42396493
		-0.407997809	-2.801192598
		-0.396480194	-2.326699392
		-0.38496258	-2.013194953
		-0.373444965	-1.792894536
		-0.36192735	-1.576830665
		-0.350409735	-1.466680457
		-0.338892121	-1.322637877
		-0.327374506	-1.284508958
		-0.315856891	-1.24638004
		-0.304339276	-1.191304936
		-0.292821661	-1.191304936
		-0.281304047	-1.157412564
		-0.269786432	-1.144702925
		-0.258268817	-1.123520192
		-0.246751202	-1.098100913
		-0.235233587	-1.093864367
		-0.223715973	-1.051498902
		-0.212198358	-1.026079623
		-0.200680743	-1.000660344
		-0.189163128	-0.937112147
		-0.177645513	-0.898983229
		-0.166127899	-0.852381218
		-0.154610284	-0.784596474
		-0.143092669	-0.71681173
		-0.131575054	-0.640553894
		-0.124245663	-0.632080801
			
			
			
			
			
			
			
